Step, Fidelity
0, 0.0970
1, 0.0898
2, 0.1054
3, 0.0433
4, 0.1054
5, 0.2389
6, 0.0605
7, 0.1231
8, 0.1766
9, 0.5495
10, 0.5657
11, 0.3456
12, 0.2652
13, 0.1592
14, 0.2952
15, 0.0620
16, 0.0674
17, 0.0706
18, 0.2886
19, 0.0820
20, 0.0854
21, 0.0820
22, 0.1175
23, 0.1947
24, 0.0682
25, 0.1790
26, 0.1554
27, 0.2264
28, 0.2795
29, 0.2446
30, 0.3360
31, 0.2446
32, 0.2149
33, 0.5358
34, 0.3784
35, 0.3178
36, 0.3868
37, 0.6343
38, 0.4289
39, 0.3656
40, 0.4114
41, 0.3243
42, 0.3343
43, 0.3740
44, 0.3790
45, 0.3820
46, 0.2850
47, 0.3358
48, 0.3215
49, 0.3412
50, 0.3423
51, 0.3584
52, 0.1957
53, 0.4504
54, 0.4729
55, 0.3507
56, 0.3399
57, 0.7629
58, 0.7751
59, 0.0981
60, 0.0857
61, 0.0522
62, 0.0460
63, 0.0061
64, 0.0081
65, 0.0957
66, 0.0081
67, 0.0235
68, 0.0356
69, 0.0235
70, 0.1068
71, 0.1612
72, 0.0394
73, 0.0114
74, 0.0394
75, 0.1612
76, 0.2014
77, 0.1255
78, 0.1269
79, 0.1488
80, 0.1072
81, 0.1256
82, 0.1960
83, 0.0078
84, 0.0109
85, 0.0087
86, 0.3225
87, 0.4294
88, 0.4009
89, 0.1015
90, 0.1792
91, 0.1211
92, 0.2701
93, 0.2677
94, 0.1460
95, 0.2711
96, 0.2891
97, 0.2954
98, 0.0694
99, 0.1236
100, 0.1380
101, 0.0432
102, 0.1343
103, 0.1411
104, 0.1880
105, 0.3556
106, 0.3317
107, 0.4572
108, 0.5281
109, 0.5175
110, 0.4953
111, 0.3596
112, 0.3708
113, 0.3631
114, 0.1339
115, 0.1329
116, 0.2840
117, 0.2271
118, 0.2939
119, 0.2325
120, 0.0702
121, 0.0511
122, 0.0427
123, 0.0606
124, 0.2532
125, 0.2570
126, 0.0014
127, 0.0469
128, 0.0464
129, 0.0548
130, 0.0368
131, 0.1635
132, 0.0881
133, 0.0563
134, 0.1025
135, 0.1196
136, 0.1025
137, 0.1196
138, 0.0853
139, 0.0305
140, 0.0209
141, 0.0025
142, 0.0320
143, 0.0689
144, 0.0136
145, 0.0433
146, 0.0558
147, 0.1215
148, 0.1508
149, 0.3420
150, 0.4561
151, 0.3941
152, 0.2955
153, 0.2768
154, 0.2669
155, 0.1763
156, 0.3463
157, 0.4382
158, 0.4125
159, 0.2849
160, 0.4664
161, 0.3617
162, 0.1129
163, 0.1103
164, 0.0058
165, 0.0426
166, 0.0490
167, 0.0502
168, 0.0490
169, 0.0067
170, 0.0865
171, 0.0067
172, 0.0834
173, 0.0120
174, 0.0399
175, 0.0187
176, 0.0416
177, 0.1468
178, 0.0337
179, 0.0245
180, 0.0998
181, 0.0851
182, 0.0998
183, 0.1966
184, 0.1742
185, 0.1028
186, 0.0968
187, 0.0632
188, 0.0496
189, 0.1790
190, 0.0496
191, 0.1053
192, 0.0311
193, 0.2696
194, 0.0311
195, 0.0231
196, 0.0445
197, 0.0231
198, 0.1176
199, 0.1045
200, 0.1981
201, 0.1292
202, 0.0798
203, 0.1781
204, 0.1077
205, 0.1082
206, 0.1317
207, 0.0074
208, 0.1317
209, 0.1318
210, 0.0056
211, 0.0169
212, 0.2119
213, 0.3308
214, 0.3472
215, 0.3529
216, 0.3520
217, 0.2494
218, 0.2983
219, 0.1067
220, 0.2432
221, 0.1265
222, 0.1239
223, 0.1246
224, 0.1345
225, 0.3143
226, 0.2362
227, 0.0921
228, 0.2863
229, 0.4165
230, 0.7304
231, 0.2654
232, 0.4635
233, 0.1669
234, 0.1653
235, 0.4754
236, 0.4972
237, 0.4953
238, 0.4958
239, 0.5040
240, 0.0659
241, 0.0146
242, 0.0089
243, 0.0169
244, 0.3994
245, 0.0169
246, 0.0791
247, 0.2315
248, 0.6039
249, 0.6284
250, 0.5769
251, 0.6244
252, 0.6541
253, 0.2732
254, 0.6541
255, 0.2732
256, 0.0970
257, 0.4293
258, 0.2460
259, 0.4293
260, 0.1290
261, 0.2593
262, 0.3800
263, 0.3236
264, 0.0550
265, 0.3236
266, 0.1358
267, 0.2650
268, 0.3638
269, 0.2349
270, 0.3631
271, 0.3383
272, 0.1650
273, 0.2758
274, 0.2878
275, 0.1712
276, 0.1351
277, 0.1028
278, 0.0799
279, 0.0169
280, 0.0329
281, 0.2238
282, 0.1481
283, 0.1644
284, 0.0773
285, 0.0450
286, 0.0552
287, 0.1042
288, 0.2234
289, 0.0868
290, 0.0883
291, 0.0649
292, 0.5840
293, 0.6413
294, 0.6654
295, 0.5545
296, 0.1681
297, 0.6521
298, 0.5108
299, 0.5946
300, 0.4994
301, 0.5099
302, 0.1326
303, 0.0956
304, 0.5549
305, 0.6040
306, 0.6565
307, 0.6503
308, 0.5621
309, 0.4801
310, 0.6331
311, 0.6619
312, 0.6331
313, 0.4777
314, 0.2751
315, 0.5860
316, 0.6187
317, 0.5616
318, 0.5546
319, 0.4423
320, 0.5546
321, 0.5302
322, 0.5141
323, 0.4516
324, 0.4609
325, 0.5947
326, 0.5887
327, 0.2794
328, 0.1958
329, 0.2563
330, 0.2039
331, 0.2514
332, 0.1271
333, 0.2004
334, 0.2418
335, 0.2256
336, 0.2412
337, 0.1882
338, 0.3172
339, 0.1882
340, 0.2412
341, 0.1882
342, 0.1608
343, 0.3419
344, 0.5165
345, 0.2874
346, 0.1465
347, 0.1809
348, 0.2060
349, 0.2022
350, 0.0937
351, 0.2016
352, 0.0937
353, 0.2022
354, 0.1103
355, 0.5748
356, 0.0921
357, 0.1648
358, 0.0691
359, 0.2039
360, 0.2174
361, 0.2557
362, 0.1581
363, 0.2557
364, 0.0175
365, 0.2557
366, 0.4369
367, 0.4379
368, 0.3726
369, 0.3977
370, 0.3682
371, 0.4024
372, 0.7604
373, 0.7620
374, 0.7162
375, 0.3192
376, 0.4042
377, 0.7206
378, 0.3959
379, 0.3967
380, 0.3320
381, 0.3189
382, 0.3785
383, 0.1075
384, 0.1488
385, 0.0276
386, 0.3486
387, 0.3360
388, 0.4697
389, 0.2731
390, 0.3345
391, 0.3776
392, 0.3011
393, 0.1897
394, 0.3451
395, 0.3452
396, 0.3945
397, 0.3936
398, 0.3786
399, 0.2623
400, 0.2182
401, 0.1812
402, 0.2412
403, 0.2203
404, 0.2209
405, 0.2196
406, 0.2250
407, 0.2665
408, 0.5108
409, 0.4749
410, 0.0638
411, 0.0080
412, 0.0638
413, 0.0080
414, 0.2003
415, 0.2056
416, 0.2736
417, 0.2056
418, 0.1852
419, 0.0804
420, 0.1852
421, 0.1012
422, 0.3297
423, 0.1863
424, 0.1363
425, 0.0622
426, 0.1447
427, 0.0377
428, 0.0731
429, 0.1216
430, 0.0415
431, 0.1266
432, 0.2631
433, 0.3760
434, 0.4077
435, 0.4416
436, 0.4905
437, 0.4663
438, 0.4515
439, 0.4615
440, 0.3630
441, 0.2595
442, 0.4489
443, 0.4926
444, 0.5952
445, 0.2993
446, 0.4680
447, 0.0094
448, 0.0360
449, 0.0190
450, 0.0037
451, 0.1384
452, 0.1604
453, 0.1179
454, 0.1477
455, 0.0333
456, 0.1159
457, 0.1080
458, 0.1503
459, 0.0947
460, 0.0054
461, 0.0039
462, 0.0583
463, 0.0794
464, 0.0583
465, 0.0339
466, 0.0823
467, 0.0799
468, 0.0168
469, 0.1734
470, 0.1450
471, 0.1761
472, 0.3148
473, 0.1769
474, 0.5175
475, 0.4725
476, 0.5836
477, 0.3645
478, 0.2939
479, 0.2729
480, 0.2446
481, 0.1704
482, 0.3133
483, 0.3162
484, 0.2406
485, 0.4972
486, 0.3376
487, 0.4268
488, 0.2206
489, 0.3723
490, 0.4191
491, 0.4350
492, 0.4191
493, 0.3723
494, 0.2206
495, 0.2418
496, 0.2595
497, 0.2901
498, 0.3647
499, 0.4073
500, 0.4174
501, 0.4319
502, 0.3084
503, 0.4319
504, 0.0254
505, 0.2083
506, 0.1852
507, 0.2721
508, 0.0581
509, 0.1715
510, 0.1173
511, 0.1491
512, 0.1518
513, 0.1168
514, 0.1617
515, 0.1652
516, 0.1294
517, 0.1599
518, 0.1823
519, 0.1162
520, 0.1625
521, 0.1162
522, 0.1625
523, 0.2143
524, 0.1882
525, 0.2863
526, 0.2493
527, 0.3379
528, 0.2967
529, 0.0058
530, 0.0213
531, 0.0002
532, 0.0002
533, 0.0079
534, 0.0612
535, 0.0940
536, 0.1681
537, 0.1716
538, 0.0912
539, 0.1716
540, 0.1130
541, 0.0460
542, 0.1071
543, 0.0100
544, 0.0276
545, 0.0560
546, 0.0276
547, 0.3088
548, 0.2948
549, 0.5569
550, 0.5643
551, 0.4640
552, 0.2956
553, 0.3468
554, 0.4911
555, 0.0953
556, 0.0191
557, 0.2037
558, 0.0191
559, 0.0266
560, 0.0341
561, 0.2637
562, 0.1728
563, 0.2637
564, 0.3148
565, 0.3118
566, 0.1995
567, 0.1398
568, 0.0648
569, 0.0975
570, 0.3824
571, 0.3049
572, 0.3431
573, 0.1316
574, 0.1278
575, 0.1326
576, 0.1736
577, 0.1252
578, 0.0405
579, 0.0403
580, 0.0838
581, 0.2212
582, 0.2379
583, 0.3076
584, 0.3475
585, 0.4041
586, 0.5153
587, 0.6285
588, 0.4943
589, 0.7890
590, 0.4943
591, 0.6285
592, 0.4943
593, 0.4355
594, 0.3365
595, 0.5943
596, 0.5806
597, 0.6236
598, 0.6282
599, 0.5611
600, 0.1993
601, 0.1032
602, 0.1043
603, 0.5784
604, 0.6677
605, 0.5813
606, 0.6202
607, 0.1280
608, 0.1312
609, 0.5751
610, 0.5443
611, 0.0661
612, 0.5443
613, 0.3872
614, 0.0354
615, 0.0327
616, 0.4198
617, 0.0326
618, 0.2541
619, 0.3822
620, 0.4607
621, 0.4475
622, 0.0556
623, 0.4475
624, 0.1106
625, 0.5169
626, 0.4918
627, 0.2614
628, 0.2525
629, 0.2505
630, 0.5892
631, 0.6929
632, 0.8400
