Step, Fidelity
0, 0.2719
1, 0.4301
2, 0.4332
3, 0.4265
4, 0.5586
5, 0.4454
6, 0.3137
7, 0.0099
8, 0.3137
9, 0.2050
10, 0.1310
11, 0.1890
12, 0.3702
13, 0.3648
14, 0.1737
15, 0.1258
16, 0.0474
17, 0.0212
18, 0.0474
19, 0.0212
20, 0.1625
21, 0.2244
22, 0.2077
23, 0.2047
24, 0.1344
25, 0.2047
26, 0.0466
27, 0.2047
28, 0.1957
29, 0.1302
30, 0.1624
31, 0.0953
32, 0.0175
33, 0.0953
34, 0.1714
35, 0.0356
36, 0.0848
37, 0.1096
38, 0.1806
39, 0.1059
40, 0.1053
41, 0.2255
42, 0.1053
43, 0.1059
44, 0.1053
45, 0.2550
46, 0.2546
47, 0.2903
48, 0.4094
49, 0.3964
50, 0.2516
51, 0.0846
52, 0.2516
53, 0.2408
54, 0.0758
55, 0.2860
56, 0.1715
57, 0.0537
58, 0.0597
59, 0.0940
60, 0.1473
61, 0.0217
62, 0.5650
63, 0.5599
64, 0.5979
65, 0.6295
66, 0.5979
67, 0.6315
68, 0.7229
69, 0.7666
70, 0.7383
71, 0.6664
72, 0.7077
73, 0.7286
74, 0.7686
75, 0.7374
76, 0.7585
77, 0.1253
78, 0.2672
79, 0.2693
80, 0.3521
81, 0.5747
82, 0.3255
83, 0.1355
84, 0.3255
85, 0.2384
86, 0.2776
87, 0.2471
88, 0.2776
89, 0.1698
90, 0.2449
91, 0.4268
92, 0.2449
93, 0.1698
94, 0.1625
95, 0.2311
96, 0.0930
97, 0.2311
98, 0.1625
99, 0.2425
100, 0.3263
101, 0.1257
102, 0.0093
103, 0.0181
104, 0.5735
105, 0.3658
106, 0.4230
107, 0.6106
108, 0.6107
109, 0.5089
110, 0.5110
111, 0.1212
112, 0.0728
113, 0.0223
114, 0.0600
115, 0.0993
116, 0.3891
117, 0.0993
118, 0.0600
119, 0.0993
120, 0.1590
121, 0.1020
122, 0.1536
123, 0.3470
124, 0.1825
125, 0.1749
126, 0.2080
127, 0.2263
128, 0.1319
129, 0.0998
130, 0.0285
131, 0.4737
132, 0.3879
133, 0.1938
134, 0.3777
135, 0.3993
136, 0.5561
137, 0.2072
138, 0.2008
139, 0.2487
140, 0.2771
141, 0.3896
142, 0.2931
143, 0.1772
144, 0.0195
145, 0.0283
146, 0.0570
147, 0.2423
148, 0.0605
149, 0.0605
150, 0.0538
151, 0.0541
152, 0.0899
153, 0.0464
154, 0.1423
155, 0.1610
156, 0.2953
157, 0.1610
158, 0.2953
159, 0.1610
160, 0.2424
161, 0.3055
162, 0.5871
163, 0.6076
164, 0.6007
165, 0.6365
166, 0.0250
167, 0.6365
168, 0.7161
169, 0.5556
170, 0.5289
171, 0.1015
172, 0.1227
173, 0.0959
174, 0.1227
175, 0.0959
176, 0.1227
177, 0.2007
178, 0.1501
179, 0.1306
180, 0.0607
181, 0.0729
182, 0.0832
183, 0.1484
184, 0.4441
185, 0.4530
186, 0.1832
187, 0.4530
188, 0.4697
189, 0.2448
190, 0.1502
191, 0.0885
192, 0.1502
193, 0.0987
194, 0.6005
195, 0.6013
196, 0.5206
197, 0.3088
198, 0.1783
199, 0.1742
200, 0.1320
201, 0.0909
202, 0.1964
203, 0.1609
204, 0.0741
205, 0.1112
206, 0.0171
207, 0.3984
208, 0.2525
209, 0.1906
210, 0.1887
211, 0.1666
212, 0.0350
213, 0.0772
214, 0.0976
215, 0.0772
216, 0.0725
217, 0.1120
218, 0.0545
219, 0.0226
220, 0.0118
221, 0.0155
222, 0.0211
223, 0.0444
224, 0.0374
225, 0.2773
226, 0.2822
227, 0.3592
228, 0.2633
229, 0.3592
230, 0.5512
231, 0.5973
232, 0.5512
233, 0.4713
234, 0.5512
235, 0.5973
236, 0.2086
237, 0.2023
238, 0.1526
239, 0.1235
240, 0.6098
241, 0.6176
242, 0.6019
243, 0.5963
244, 0.4378
245, 0.3703
246, 0.5103
247, 0.3591
248, 0.4171
249, 0.2278
250, 0.2258
251, 0.1794
252, 0.2022
253, 0.0842
254, 0.3292
255, 0.3351
256, 0.0891
257, 0.0683
258, 0.1404
259, 0.1869
260, 0.1196
261, 0.5216
262, 0.4000
263, 0.4190
264, 0.4253
265, 0.2243
266, 0.2908
267, 0.2104
268, 0.2853
269, 0.3208
270, 0.3653
271, 0.0585
272, 0.3653
273, 0.3685
274, 0.3484
275, 0.0780
276, 0.1555
277, 0.1095
278, 0.0566
279, 0.7103
280, 0.0566
281, 0.1188
282, 0.5975
283, 0.4332
284, 0.5422
285, 0.2595
286, 0.2789
287, 0.4288
288, 0.4425
289, 0.3998
290, 0.3289
291, 0.2210
292, 0.1526
293, 0.1588
294, 0.1470
295, 0.2976
296, 0.1505
297, 0.2241
298, 0.2843
299, 0.3964
300, 0.3559
301, 0.3548
302, 0.2476
303, 0.3548
304, 0.2669
305, 0.2589
306, 0.4769
307, 0.4387
308, 0.4259
309, 0.3326
310, 0.3518
311, 0.4432
312, 0.3518
313, 0.4432
314, 0.2501
315, 0.0925
316, 0.2501
317, 0.3914
318, 0.4682
319, 0.3192
320, 0.0776
321, 0.0424
322, 0.0812
323, 0.2150
324, 0.3046
325, 0.3390
326, 0.3518
327, 0.3500
328, 0.0371
329, 0.0515
330, 0.1100
331, 0.0285
332, 0.0904
333, 0.0950
334, 0.1281
335, 0.1293
336, 0.1029
337, 0.0797
338, 0.0811
339, 0.4378
340, 0.4435
341, 0.3044
342, 0.3732
343, 0.1802
344, 0.0496
345, 0.0123
346, 0.0129
347, 0.0020
348, 0.0541
349, 0.1584
350, 0.0541
351, 0.1003
352, 0.1172
353, 0.1752
354, 0.3847
355, 0.3750
356, 0.3781
357, 0.2410
358, 0.1615
359, 0.1535
360, 0.2785
361, 0.3705
362, 0.2301
363, 0.1973
364, 0.1313
365, 0.2846
366, 0.2338
367, 0.1786
368, 0.0743
369, 0.3312
370, 0.0743
371, 0.1056
372, 0.1292
373, 0.2046
374, 0.2515
375, 0.6731
376, 0.6881
377, 0.5349
378, 0.0993
379, 0.1337
380, 0.0590
381, 0.1337
382, 0.2597
383, 0.3532
384, 0.1608
385, 0.3532
386, 0.1608
387, 0.2433
388, 0.2401
389, 0.2082
390, 0.1236
391, 0.1105
392, 0.0247
393, 0.2447
394, 0.2716
395, 0.4514
396, 0.5463
397, 0.5053
398, 0.4979
399, 0.4888
400, 0.3916
401, 0.4888
402, 0.3916
403, 0.1056
404, 0.1942
405, 0.2028
406, 0.2078
407, 0.0148
408, 0.2078
409, 0.2564
410, 0.2252
411, 0.2384
412, 0.5852
413, 0.2384
414, 0.2252
415, 0.3372
416, 0.3721
417, 0.0637
418, 0.0233
419, 0.3578
420, 0.4126
421, 0.3578
422, 0.3605
423, 0.5241
424, 0.6171
425, 0.8133
