Step, Fidelity
0, 0.3138
1, 0.2896
2, 0.2213
3, 0.3277
4, 0.5314
5, 0.3620
6, 0.5696
7, 0.3892
8, 0.2291
9, 0.1055
10, 0.2107
11, 0.1596
12, 0.5390
13, 0.5070
14, 0.5624
15, 0.5518
16, 0.4795
17, 0.0362
18, 0.0293
19, 0.0295
20, 0.0092
21, 0.5050
22, 0.5094
23, 0.3314
24, 0.6824
25, 0.7104
26, 0.0678
27, 0.0420
28, 0.0932
29, 0.6885
30, 0.4117
31, 0.3927
32, 0.4272
33, 0.0650
34, 0.0567
35, 0.0303
36, 0.0119
37, 0.0094
38, 0.0042
39, 0.7260
40, 0.6525
41, 0.0093
42, 0.5857
43, 0.5963
44, 0.6562
45, 0.2615
46, 0.1609
47, 0.0988
48, 0.2447
49, 0.6010
50, 0.5971
51, 0.5737
52, 0.6381
53, 0.6759
54, 0.6688
55, 0.6152
56, 0.6667
57, 0.3873
58, 0.6667
59, 0.5792
60, 0.6319
61, 0.1072
62, 0.1085
63, 0.0196
64, 0.5078
65, 0.3264
66, 0.3244
67, 0.3079
68, 0.2572
69, 0.2609
70, 0.1015
71, 0.0261
72, 0.0244
73, 0.0111
74, 0.0710
75, 0.3387
76, 0.0826
77, 0.3387
78, 0.0826
79, 0.3387
80, 0.4670
81, 0.4848
82, 0.5138
83, 0.0841
84, 0.0847
85, 0.4547
86, 0.0816
87, 0.1703
88, 0.1778
89, 0.1888
90, 0.2250
91, 0.2289
92, 0.2833
93, 0.1397
94, 0.2095
95, 0.7232
96, 0.2095
97, 0.3367
98, 0.3469
99, 0.1974
100, 0.1879
101, 0.1459
102, 0.1521
103, 0.2448
104, 0.0722
105, 0.1402
106, 0.1801
107, 0.0795
108, 0.5725
109, 0.4136
110, 0.0083
111, 0.0344
112, 0.0376
113, 0.0655
114, 0.1434
115, 0.0655
116, 0.3039
117, 0.3414
118, 0.2890
119, 0.2913
120, 0.3088
121, 0.4505
122, 0.3788
123, 0.1764
124, 0.3788
125, 0.3473
126, 0.1970
127, 0.1260
128, 0.1099
129, 0.4994
130, 0.4965
131, 0.2030
132, 0.2253
133, 0.0601
134, 0.2253
135, 0.2254
136, 0.2211
137, 0.2378
138, 0.2561
139, 0.2325
140, 0.2588
141, 0.2106
142, 0.1019
143, 0.1492
144, 0.2674
145, 0.2843
146, 0.3529
147, 0.2843
148, 0.3091
149, 0.3233
150, 0.2874
151, 0.2646
152, 0.1647
153, 0.1791
154, 0.1875
155, 0.2125
156, 0.1107
157, 0.1461
158, 0.1107
159, 0.1359
160, 0.1374
161, 0.1173
162, 0.0571
163, 0.5420
164, 0.0899
165, 0.0832
166, 0.2295
167, 0.1949
168, 0.1935
169, 0.4382
170, 0.2621
171, 0.2209
172, 0.1477
173, 0.1555
174, 0.4869
175, 0.2182
176, 0.4869
177, 0.2182
178, 0.1014
179, 0.1594
180, 0.1344
181, 0.1348
182, 0.3215
183, 0.0482
184, 0.0825
185, 0.4460
186, 0.0825
187, 0.0614
188, 0.0234
189, 0.1000
190, 0.1288
191, 0.1301
192, 0.1342
193, 0.0901
194, 0.0895
195, 0.0810
196, 0.0389
197, 0.3431
198, 0.3621
199, 0.4046
200, 0.1845
201, 0.2196
202, 0.2500
203, 0.2482
204, 0.2702
205, 0.1577
206, 0.1737
207, 0.1470
208, 0.1427
209, 0.1757
210, 0.4628
211, 0.4750
212, 0.2364
213, 0.1219
214, 0.6213
215, 0.0036
216, 0.6213
217, 0.2540
218, 0.3654
219, 0.0236
220, 0.4635
221, 0.3434
222, 0.3564
223, 0.3007
224, 0.0170
225, 0.1347
226, 0.2414
227, 0.0906
228, 0.2414
229, 0.4693
230, 0.3131
231, 0.1830
232, 0.0829
233, 0.2192
234, 0.1990
235, 0.3272
236, 0.1808
237, 0.6059
238, 0.1063
239, 0.6059
240, 0.5814
241, 0.2309
242, 0.2393
243, 0.4872
244, 0.6898
245, 0.0866
246, 0.1048
247, 0.5039
248, 0.1048
249, 0.0866
250, 0.1125
251, 0.1468
252, 0.0472
253, 0.4493
254, 0.4688
255, 0.6568
256, 0.7203
257, 0.2204
258, 0.2363
259, 0.1078
260, 0.0947
261, 0.1100
262, 0.1416
263, 0.1751
264, 0.1025
265, 0.1047
266, 0.0406
267, 0.0955
268, 0.4786
269, 0.1832
270, 0.2099
271, 0.2171
272, 0.3141
273, 0.3353
274, 0.3428
275, 0.2583
276, 0.1898
277, 0.3332
278, 0.3635
279, 0.2542
280, 0.0882
281, 0.3337
282, 0.1464
283, 0.5248
284, 0.2994
285, 0.3332
286, 0.2994
287, 0.1736
288, 0.0642
289, 0.0639
290, 0.0214
291, 0.0029
292, 0.0215
293, 0.0208
294, 0.0215
295, 0.1853
296, 0.0223
297, 0.0236
298, 0.1843
299, 0.0987
300, 0.1233
301, 0.1632
302, 0.0558
303, 0.0785
304, 0.0702
305, 0.0738
306, 0.0803
307, 0.0802
308, 0.0563
309, 0.0570
310, 0.2740
311, 0.0675
312, 0.2740
313, 0.2634
314, 0.1026
315, 0.0876
316, 0.0935
317, 0.3127
318, 0.0262
319, 0.3127
320, 0.0262
321, 0.0120
322, 0.0088
323, 0.0041
324, 0.3615
325, 0.0466
326, 0.1402
327, 0.2622
328, 0.2983
329, 0.2306
330, 0.1893
331, 0.1099
332, 0.0825
333, 0.2565
334, 0.0825
335, 0.2565
336, 0.2741
337, 0.2114
338, 0.2245
339, 0.1534
340, 0.4423
341, 0.4099
342, 0.5366
343, 0.5883
344, 0.2033
345, 0.5883
346, 0.6211
347, 0.0530
348, 0.0780
349, 0.6719
350, 0.7176
351, 0.6047
352, 0.6147
353, 0.7573
354, 0.7990
355, 0.7175
356, 0.6345
357, 0.5490
358, 0.0942
359, 0.1743
360, 0.0777
361, 0.0754
362, 0.3580
363, 0.5564
364, 0.6863
365, 0.6543
366, 0.6655
367, 0.7568
368, 0.1694
369, 0.1384
370, 0.1694
371, 0.1186
372, 0.6424
373, 0.7984
374, 0.0165
375, 0.0732
376, 0.0972
377, 0.4749
378, 0.0972
379, 0.5129
380, 0.3946
381, 0.5949
382, 0.6002
383, 0.7215
384, 0.7836
385, 0.5403
386, 0.6043
387, 0.1619
388, 0.6043
389, 0.3551
390, 0.1631
391, 0.1317
392, 0.2447
393, 0.2416
394, 0.3359
395, 0.2519
396, 0.0252
397, 0.2084
398, 0.3717
399, 0.2084
400, 0.0252
401, 0.2519
402, 0.3359
403, 0.3571
404, 0.2781
405, 0.2919
406, 0.3110
407, 0.3456
408, 0.2460
409, 0.1700
410, 0.1591
411, 0.2186
412, 0.4272
413, 0.6242
414, 0.6050
415, 0.3258
416, 0.3384
417, 0.1348
418, 0.1149
419, 0.3425
420, 0.2977
421, 0.3558
422, 0.1308
423, 0.3558
424, 0.1308
425, 0.1935
426, 0.1308
427, 0.1326
428, 0.1486
429, 0.0388
430, 0.0402
431, 0.0915
432, 0.1057
433, 0.1076
434, 0.1154
435, 0.1050
436, 0.1242
437, 0.1509
438, 0.0420
439, 0.0501
440, 0.0046
441, 0.0117
442, 0.0274
443, 0.1828
444, 0.1754
445, 0.1754
446, 0.1917
447, 0.1834
448, 0.1870
449, 0.0773
450, 0.1870
451, 0.0613
452, 0.0457
453, 0.0505
454, 0.0213
455, 0.5327
456, 0.4277
457, 0.0215
458, 0.4277
459, 0.0215
460, 0.2284
461, 0.2120
462, 0.1988
463, 0.3809
464, 0.2833
465, 0.4013
466, 0.4150
467, 0.4113
468, 0.4540
469, 0.4314
470, 0.4084
471, 0.4786
472, 0.2346
473, 0.7345
474, 0.7683
475, 0.2048
476, 0.1453
477, 0.6624
478, 0.5850
479, 0.6686
480, 0.6097
481, 0.1823
482, 0.6097
483, 0.1576
484, 0.1420
485, 0.1576
486, 0.1420
487, 0.1171
488, 0.1631
489, 0.1309
490, 0.1663
491, 0.1309
492, 0.7426
493, 0.7070
494, 0.2777
495, 0.2631
496, 0.5317
497, 0.5327
498, 0.2510
499, 0.3389
500, 0.3516
501, 0.5401
502, 0.5430
503, 0.3392
504, 0.1298
505, 0.0501
506, 0.1298
507, 0.3328
508, 0.3357
509, 0.0908
510, 0.0321
511, 0.0156
512, 0.2191
513, 0.0156
514, 0.0088
515, 0.3090
516, 0.3388
517, 0.3301
518, 0.2209
519, 0.2071
520, 0.1824
521, 0.0046
522, 0.0253
523, 0.0355
524, 0.0283
525, 0.1788
526, 0.1324
527, 0.3792
528, 0.5737
529, 0.1071
530, 0.1456
531, 0.4957
532, 0.1456
533, 0.3316
534, 0.1060
535, 0.4515
536, 0.3539
537, 0.0173
538, 0.0108
539, 0.4727
540, 0.0889
541, 0.1160
542, 0.0881
543, 0.0643
544, 0.0006
545, 0.0417
546, 0.0963
547, 0.0056
548, 0.0234
549, 0.0506
550, 0.0350
551, 0.0261
552, 0.0196
553, 0.0184
554, 0.1314
555, 0.0538
556, 0.1314
557, 0.0184
558, 0.0456
559, 0.0419
560, 0.2210
561, 0.2211
562, 0.5528
563, 0.5747
564, 0.5572
565, 0.5622
566, 0.5639
567, 0.2053
568, 0.2062
569, 0.1169
570, 0.0687
571, 0.6910
572, 0.0160
573, 0.1473
574, 0.0160
575, 0.1473
576, 0.1577
577, 0.0211
578, 0.0817
579, 0.0586
580, 0.8360
